90.02   15.724   48.881
91.413   15.702   48.32
91.521   16.82   47.2
90.482   17.224   46.555
91.749   14.332   47.731
91.807   12.998   48.952
89.653   14.891   49.319
92.051   15.924   49.075
91.006   14.067   46.978
92.718   14.376   47.234
92.11   12.033   48.089
92.789   17.327   46.884
93.044   18.41   45.843
92.286   18.14   44.457
91.702   19.151   43.915
94.535   18.527   45.591
95.202   18.988   46.733
93.571   16.935   47.389
92.694   19.276   46.233
94.932   17.555   45.302
94.711   19.212   44.763
96.131   19.035   46.496
92.18   16.903   43.797
91.506   16.766   42.431
89.924   16.772   42.55
89.204   16.789   41.484
92.023   15.415   41.926
92.233   14.617   43.167
92.735   15.617   44.175
91.732   17.537   41.817
91.287   14.961   41.246
92.949   15.559   41.349
91.291   14.141   43.477
92.953   13.806   42.98
92.374   15.342   45.177
93.835   15.641   44.152
89.339   16.711   43.823
87.867   16.948   44.081
87.575   18.497   44.111
86.54   18.988   43.53
87.428   16.292   45.392
87.45   14.78   45.355
88.292   14.077   46.204
86.627   14.096   44.472
88.311   12.696   46.17
86.646   12.715   44.439
87.484   12.016   45.283
87.503   10.641   45.249
89.946   16.496   44.601
87.354   16.532   43.314
88.082   16.622   46.201
86.416   16.612   45.638
88.939   14.614   46.898
85.966   14.649   43.804
88.973   12.144   46.837
86.0   12.178   43.744
86.88   10.329   44.589
88.53   19.309   44.753
88.344   20.794   44.979
88.115   21.631   43.645
87.213   22.534   43.597
89.563   21.353   45.716
89.457   21.255   47.208
90.241   20.506   48.033
88.506   21.932   48.064
89.846   20.668   49.337
88.787   21.539   49.376
87.456   22.828   47.827
88.054   22.008   50.455
86.722   23.299   48.909
87.015   22.9   50.189
89.378   18.865   45.074
87.518   20.895   45.558
90.457   20.816   45.399
89.699   22.401   45.45
91.062   19.871   47.704
90.266   20.22   50.139
87.222   23.151   46.813
88.27   21.702   51.479
85.906   23.996   48.715
86.419   23.289   51.015
88.867   21.3   42.501
88.652   21.93   41.128
87.152   21.748   40.608
86.498   22.745   40.129
89.624   21.327   40.098
91.063   21.747   40.411
89.237   21.75   38.689
92.107   20.98   39.632
89.588   20.602   42.615
88.838   22.92   41.227
89.593   20.239   40.162
91.187   22.808   40.195
91.26   21.606   41.474
89.935   21.315   37.974
88.229   21.402   38.469
89.271   22.837   38.614
93.1   21.334   39.909
92.023   19.917   39.861
91.951   21.135   38.566
86.535   20.48   40.737
85.065   20.244   40.407
84.13   21.114   41.352
83.174   21.825   40.871
84.713   18.761   40.537
83.268   18.425   40.193
83.011   16.929   40.289
81.559   16.595   39.979
81.292   15.134   40.069
87.097   19.706   41.061
84.923   20.538   39.449
85.358   18.175   39.882
84.899   18.432   41.56
82.6   18.945   40.88
83.049   18.759   39.179
83.655   16.403   39.583
83.246   16.583   41.295
80.909   17.114   40.681
81.314   16.934   38.973
80.321   14.954   39.857
81.878   14.643   39.408
81.497   14.811   41.004
84.418   21.078   42.728
83.634   21.844   43.769
83.714   23.383   43.356
82.652   24.085   43.234
84.199   21.622   45.173
83.265   22.036   46.275
82.182   21.241   46.621
83.466   23.221   46.966
81.322   21.622   47.634
82.609   23.603   47.979
81.535   22.802   48.313
85.194   20.503   43.021
82.671   21.532   43.728
84.436   20.568   45.307
85.126   22.183   45.285
82.014   20.307   46.084
84.314   23.854   46.702
80.475   20.988   47.895
82.778   24.537   48.515
80.857   23.103   49.111
84.979   23.889   42.996
85.337   25.307   42.576
84.57   25.832   41.292
84.001   26.983   41.266
86.844   25.404   42.335
87.317   26.769   41.851
88.808   26.761   41.55
89.267   28.1   40.99
90.707   28.082   40.615
85.707   23.19   43.036
85.088   25.905   43.353
87.376   25.173   43.258
87.142   24.664   41.591
86.774   27.043   40.947
87.114   27.516   42.617
89.364   26.55   42.464
89.029   25.98   40.822
88.678   28.347   40.109
89.109   28.879   41.736
90.972   28.986   40.25
91.266   27.873   41.431
90.863   27.376   39.91
84.479   24.963   40.185
83.7   25.288   38.926
82.161   25.444   39.298
81.423   26.325   38.711
83.895   24.205   37.864
85.286   24.172   37.246
85.408   23.059   36.216
86.8   23.02   35.604
86.946   21.911   34.622
84.965   24.08   40.249
84.046   26.172   38.572
83.701   23.226   38.303
83.175   24.351   37.059
85.492   25.128   36.763
86.028   24.014   38.029
85.201   22.099   36.691
84.677   23.217   35.423
87.003   23.964   35.1
87.541   22.889   36.393
87.881   21.919   34.241
86.778   21.028   35.084
86.277   22.032   33.876
81.648   24.57   40.276
80.257   24.707   40.857
80.035   25.954   41.826
79.083   26.779   41.596
79.906   23.432   41.624
79.687   21.975   40.574
82.244   23.821   40.598
79.632   24.815   40.067
80.694   23.213   42.345
78.984   23.586   42.184
80.915   21.986   40.064
80.953   26.186   42.88
80.826   27.366   43.848
81.006   28.751   43.077
80.365   29.797   43.444
81.864   27.268   44.981
81.607   26.024   45.834
81.834   28.523   45.84
80.243   26.0   46.484
81.721   25.539   42.991
79.894   27.331   44.24
82.86   27.156   44.552
81.706   25.132   45.217
82.359   25.96   46.621
82.574   28.436   46.635
82.064   29.391   45.224
80.843   28.641   46.277
80.135   25.089   47.073
80.135   26.868   47.136
79.473   26.027   45.715
81.853   28.801   41.946
81.97   30.013   41.026
80.572   30.416   40.384
80.255   31.639   40.185
82.994   29.743   39.921
83.258   30.935   39.029
84.076   31.965   39.47
82.682   30.999   37.769
84.317   33.054   38.655
82.923   32.088   36.953
83.737   33.112   37.393
83.977   34.196   36.581
82.406   27.979   41.75
82.295   30.784   41.596
83.941   29.437   40.369
82.647   28.92   39.297
84.529   31.915   40.461
82.038   30.19   37.422
84.959   33.862   39.002
82.469   32.138   35.963
84.558   34.812   37.034
79.649   29.4   40.08
78.236   29.706   39.621
77.29   30.481   40.661
76.436   31.349   40.267
77.557   28.392   39.229
76.204   28.573   38.603
76.083   28.998   37.289
75.049   28.319   39.328
74.838   29.164   36.712
73.803   28.483   38.753
73.698   28.906   37.444
79.939   28.437   40.172
78.333   30.295   38.803
78.189   27.853   38.524
77.443   27.765   40.112
76.984   29.2   36.709
75.132   27.984   40.362
74.757   29.499   35.678
72.903   28.279   39.333
72.717   29.038   36.99
77.5   30.241   42.034
76.648   30.745   43.192
77.133   32.104   43.87
76.57   32.597   44.912
76.567   29.661   44.282
77.953   29.397   44.877
75.976   28.379   43.715
77.932   28.525   46.111
78.311   29.672   42.231
75.723   30.904   42.811
75.936   30.011   45.098
78.584   28.917   44.13
78.423   30.346   45.139
75.927   27.623   44.498
74.973   28.577   43.338
76.604   28.018   42.901
78.951   28.384   46.474
77.334   29.004   46.886
77.499   27.557   45.864
78.147   32.846   43.23
78.313   34.336   43.497
76.99   35.112   43.072
76.531   36.052   43.812
79.517   34.897   42.717
79.559   36.414   42.821
80.806   34.285   43.244
78.775   32.39   42.584
78.454   34.45   44.492
79.402   34.65   41.662
80.416   36.794   42.264
78.642   36.833   42.406
79.65   36.705   43.868
81.653   34.685   42.688
80.918   34.527   44.301
80.771   33.202   43.122
76.339   34.685   41.88
75.033   35.196   41.28
74.704   36.732   41.516
73.659   37.084   42.174
73.88   34.351   41.818
73.894   32.9   41.357
72.52   31.944   42.028
72.877   30.322   41.357
76.843   33.949   41.406
75.11   35.051   40.281
73.903   34.355   42.907
72.931   34.79   41.509
73.841   32.864   40.269
74.826   32.428   41.668
72.113   29.617   41.685
72.883   30.372   40.268
73.853   29.989   41.71
75.575   37.675   40.94
75.475   39.18   41.096
73.977   39.764   40.926
73.557   40.568   41.84
76.403   39.854   40.082
77.877   39.684   40.425
78.169   39.299   41.532
78.697   39.942   39.575
76.321   37.286   40.38
75.79   39.393   42.034
76.225   39.435   39.091
76.176   40.919   40.033
73.076   39.372   39.915
71.637   39.881   39.849
70.729   39.584   41.126
69.705   40.331   41.315
71.101   39.14   38.62
72.317   38.852   37.807
73.388   38.565   38.825
71.635   40.892   39.83
70.571   38.228   38.932
70.372   39.769   38.089
72.132   38.002   37.135
72.56   39.715   37.169
73.362   37.498   39.094
74.371   38.836   38.411
71.03   38.496   41.976
70.107   38.089   43.114
70.98   37.965   44.438
70.606   38.571   45.498
69.403   36.765   42.812
68.535   36.806   41.586
69.013   36.353   40.365
67.241   37.298   41.65
68.216   36.391   39.236
66.441   37.336   40.524
66.93   36.882   39.316
71.881   37.975   41.823
69.422   38.826   43.234
70.146   35.981   42.676
68.78   36.482   43.659
70.03   35.964   40.302
66.855   37.657   42.605
68.604   36.032   38.284
65.425   37.725   40.589
66.302   36.913   38.427
72.157   37.195   44.479
72.908   36.951   45.792
73.692   38.227   46.347
73.616   38.547   47.589
73.916   35.802   45.602
74.78   35.641   46.843
73.175   34.51   45.289
72.515   36.793   43.625
72.21   36.691   46.477
74.582   36.049   44.775
75.487   34.824   46.691
75.328   36.564   47.027
74.147   35.416   47.701
73.894   33.702   45.155
72.504   34.267   46.113
72.596   34.636   44.374
74.427   39.037   45.449
75.111   40.328   45.886
74.072   41.494   46.28
74.275   42.276   47.277
76.036   40.824   44.772
76.935   41.971   45.215
77.656   41.801   46.169
76.89   43.007   44.595
74.499   38.744   44.485
75.66   40.103   46.707
76.664   40.002   44.428
75.438   41.157   43.923
72.875   41.561   45.532
71.674   42.449   45.836
70.958   42.019   47.203
70.613   42.898   48.073
70.668   42.384   44.68
69.424   43.27   44.831
69.849   44.726   44.962
68.512   43.072   43.629
72.845   40.952   44.727
72.022   43.394   45.937
71.174   42.678   43.762
70.33   41.354   44.571
68.89   42.995   45.741
68.965   45.355   45.069
70.485   44.842   45.84
70.401   45.025   44.071
67.627   43.701   43.737
69.044   43.348   42.719
68.209   42.027   43.57
70.788   40.654   47.488
70.215   40.103   48.783
71.112   40.537   50.032
70.607   40.947   51.142
70.101   38.587   48.708
71.074   40.011   46.764
69.291   40.501   48.893
69.687   38.207   49.642
69.444   38.313   47.882
71.087   38.156   48.546
72.506   40.507   49.855
73.508   41.069   50.851
73.397   42.644   51.104
74.939   40.743   50.386
75.2   39.237   50.476
75.956   41.513   51.214
76.473   38.796   49.791
72.845   40.081   49.004
73.326   40.6   51.73
75.053   41.02   49.338
75.255   38.94   51.523
74.367   38.696   50.027
76.962   41.271   50.873
75.782   42.583   51.101
75.853   41.239   52.264
76.589   37.717   49.898
76.424   39.053   48.732
77.325   39.298   50.248
73.163   43.531   50.028
73.133   43.161   49.089
71.474   44.36   48.527
74.237   44.573   47.864
66.821   43.269   49.172
70.586   43.894   50.183
68.666   42.637   51.006
66.346   42.737   51.823
66.476   43.772   48.269
67.399   42.386   48.897
65.962   42.969   49.77
70.898   39.744   54.343
70.758   42.423   52.747
72.584   41.403   54.052
70.44   40.214   53.187
71.126   34.834   63.012
79.38   36.723   60.94
77.748   35.662   62.257
77.879   34.308   61.575
77.372   34.29   60.087
77.996   33.594   59.214
78.866   34.078   61.574
77.271   33.61   62.149
76.263   35.079   59.725
75.762   35.207   58.287
76.813   35.948   57.349
77.139   35.463   56.207
74.422   35.964   58.243
73.32   35.139   58.912
74.046   36.297   56.807
72.044   35.911   59.159
75.785   35.581   60.459
75.629   34.267   57.939
74.509   36.891   58.809
73.082   34.277   58.289
73.679   34.76   59.869
73.097   36.831   56.794
74.82   36.922   56.364
73.951   35.375   56.233
71.311   35.259   59.636
72.253   36.759   59.811
71.647   36.27   58.211
77.415   37.131   57.814
78.474   37.865   57.004
79.907   37.186   57.034
80.653   37.179   55.991
78.599   39.304   57.507
77.153   40.47   55.817
77.136   37.502   58.71
78.149   37.868   56.045
77.792   40.059   55.035
80.324   36.548   58.218
81.562   35.678   58.29
81.429   34.438   57.299
82.421   34.058   56.577
81.796   35.203   59.717
79.767   36.68   59.051
82.346   36.248   57.996
82.688   34.577   59.75
81.932   36.065   60.37
80.936   34.626   60.053
80.17   33.813   57.203
79.833   32.743   56.194
79.921   33.256   54.683
80.453   32.491   53.801
78.444   32.193   56.482
79.463   34.112   57.859
80.512   32.003   56.318
78.21   31.403   55.768
78.414   31.789   57.494
77.71   32.993   56.389
79.471   34.561   54.329
79.675   35.123   52.918
81.224   35.166   52.58
81.661   34.717   51.464
79.072   36.524   52.792
77.551   36.559   52.83
76.92   35.884   51.643
77.577   35.757   50.638
75.78   35.496   51.742
79.007   35.129   55.024
79.215   34.495   52.272
79.441   37.153   53.602
79.394   36.975   51.853
77.208   36.064   53.738
77.222   37.597   52.868
82.107   35.612   53.585
83.606   35.712   53.401
84.245   34.277   53.108
85.075   34.093   52.145
84.243   36.345   54.636
85.756   36.495   54.557
86.465   37.19   56.064
86.271   35.815   57.194
81.701   35.877   54.471
83.768   36.309   52.601
83.818   37.334   54.799
84.013   35.741   55.515
86.21   35.521   54.38
86.014   37.147   53.723
86.665   36.09   58.173
85.214   35.564   57.285
86.817   34.951   56.814
83.829   33.191   53.91
84.299   31.76   53.686
83.744   31.085   52.352
84.526   30.463   51.552
83.88   30.892   54.887
84.191   29.427   54.62
84.588   31.372   56.145
83.189   33.386   54.666
85.308   31.797   53.62
82.802   30.972   55.023
83.889   28.828   55.479
83.646   29.095   53.736
85.262   29.307   54.454
84.286   30.755   56.991
85.666   31.298   56.007
84.318   32.41   56.34
82.375   31.221   52.044
81.729   30.745   50.752
82.469   31.252   49.439
82.881   30.444   48.529
80.266   31.205   50.713
79.488   30.839   49.442
79.401   29.324   49.318
78.102   31.464   49.499
81.802   31.669   52.745
81.77   29.734   50.766
79.742   30.767   51.56
80.24   32.29   50.816
80.02   31.215   48.568
78.848   29.064   48.416
80.406   28.905   49.261
78.887   28.917   50.188
77.548   31.204   48.596
77.568   31.087   50.372
78.193   32.548   49.569
82.7   32.629   49.326
83.278   33.293   48.097
84.869   33.103   47.946
85.437   33.21   46.801
82.93   34.782   48.116
81.447   35.084   47.948
81.18   36.582   47.987
79.7   36.886   47.812
79.419   38.345   47.881
82.46   33.198   50.126
82.833   32.859   47.299
83.256   35.22   49.06
83.468   35.292   47.316
81.101   34.687   46.993
80.885   34.603   48.747
81.515   36.986   48.943
81.739   37.072   47.19
79.363   36.509   46.848
79.13   36.382   48.593
78.429   38.505   47.761
79.711   38.703   48.78
79.927   38.821   47.149
85.601   32.7   49.09
87.033   32.156   49.126
87.27   30.926   48.144
88.227   30.919   47.288
87.388   31.729   50.556
88.781   31.113   50.74
89.844   32.144   50.385
88.939   30.636   52.176
85.09   32.797   49.955
87.638   32.914   48.834
87.323   32.601   51.205
86.654   30.997   50.892
88.897   30.267   50.062
90.833   31.705   50.515
89.719   32.453   49.347
89.742   33.01   51.037
89.929   30.197   52.306
88.825   31.481   52.855
88.178   29.887   52.397
86.389   29.832   48.257
86.52   28.528   47.481
86.288   28.694   45.908
86.884   27.96   45.043
85.528   27.485   48.027
85.931   27.052   49.439
85.455   26.283   47.098
84.852   26.293   50.177
85.623   29.944   48.907
87.465   28.199   47.626
84.537   27.932   48.106
86.817   26.421   49.386
86.192   27.931   50.029
84.75   25.555   47.5
85.123   26.604   46.112
86.442   25.825   47.018
85.212   26.021   51.169
83.966   26.921   50.272
84.599   25.39   49.623
85.382   29.694   45.517
84.942   30.02   44.107
86.155   30.341   43.142
86.193   29.875   41.948
83.97   31.191   44.127
85.006   30.23   46.286
84.465   29.199   43.754
83.645   31.411   43.11
83.104   30.935   44.737
84.464   32.066   44.547
87.159   31.175   43.634
88.148   31.88   42.732
89.606   31.958   43.34
90.481   32.796   42.924
87.641   33.286   42.416
87.554   34.21   43.623
86.848   35.819   43.216
85.131   35.382   42.96
87.222   31.308   44.633
88.192   31.343   41.875
88.297   33.753   41.684
86.647   33.222   41.971
86.936   33.747   44.392
88.551   34.365   44.035
84.563   36.275   42.7
85.058   34.655   42.149
84.726   34.947   43.874
89.903   31.029   44.354
91.21   30.904   45.109
91.606   32.19   45.979
90.95   33.288   45.902
92.337   30.602   44.118
92.218   29.221   43.488
91.906   28.292   44.195
92.439   29.109   42.306
89.145   30.398   44.574
91.099   30.122   45.743
92.334   31.349   43.325
93.298   30.67   44.629
92.68   32.146   46.855
93.087   33.38   47.65
93.618   34.576   46.752
93.374   35.781   47.107
94.197   32.836   48.555
93.938   31.369   48.609
93.479   31.018   47.218
92.295   33.798   48.123
95.182   33.08   48.13
94.145   33.315   49.543
94.853   30.832   48.9
93.181   31.144   49.374
94.354   30.864   46.57
92.858   30.111   47.255
94.376   34.301   45.601
95.001   35.431   44.802
93.985   36.285   43.908
94.054   37.566   43.917
96.106   34.86   43.911
96.854   35.908   43.118
97.81   36.697   43.739
96.583   36.081   41.768
98.493   37.655   43.015
97.266   37.038   41.044
98.218   37.823   41.663
98.898   38.777   40.941
94.511   33.348   45.295
95.418   36.058   45.479
96.827   34.32   44.526
95.675   34.146   43.21
98.023   36.562   44.8
95.831   35.461   41.28
99.245   38.275   43.503
97.053   37.175   39.983
98.593   38.766   40.03
92.971   35.638   43.156
91.901   36.428   42.408
91.003   37.116   43.526
90.502   38.288   43.367
91.058   35.53   41.5
90.035   36.274   40.653
90.667   37.221   39.671
91.831   37.066   39.39
89.984   38.1   39.201
92.957   34.629   43.115
92.364   37.141   41.857
91.713   34.978   40.825
90.523   34.799   42.106
89.435   35.548   40.106
89.371   36.831   41.312
90.819   36.414   44.734
90.074   36.97   45.93
90.615   38.377   46.464
89.811   39.359   46.659
90.107   35.943   47.064
89.428   36.411   48.332
88.139   35.99   48.624
90.094   37.261   49.202
87.519   36.418   49.782
89.474   37.689   50.36
88.191   37.27   50.651
87.573   37.696   51.804
91.213   35.486   44.788
89.115   37.099   45.632
89.62   35.023   46.737
91.142   35.698   47.303
87.615   35.322   47.94
91.106   37.593   48.972
86.506   36.087   50.012
89.997   38.358   51.043
88.167   38.274   52.289
92.001   38.535   46.644
92.619   39.815   47.185
92.901   40.947   46.099
93.467   42.047   46.431
93.931   39.479   47.896
93.748   38.717   49.177
94.283   37.446   49.328
93.041   39.268   50.235
94.115   36.744   50.506
92.872   38.569   51.414
93.41   37.305   51.549
92.604   37.762   46.401
91.957   40.187   47.855
94.561   38.885   47.234
94.469   40.399   48.121
94.842   37.002   48.503
92.615   40.267   50.127
94.541   35.746   50.611
92.314   39.014   52.238
93.277   36.752   52.478
92.486   40.724   44.77
92.598   41.761   43.665
91.645   43.028   43.829
92.091   44.222   43.671
92.317   41.094   42.316
93.369   40.085   41.889
94.724   40.725   41.658
94.854   41.674   40.88
95.744   40.208   42.334
92.094   39.818   44.556
93.555   42.089   43.681
91.355   40.582   42.357
92.248   41.857   41.54
93.474   39.333   42.671
93.05   39.615   40.959
96.663   40.588   42.222
95.595   39.438   42.954
90.292   42.813   44.173
89.281   43.951   44.155
89.337   44.749   45.536
89.249   44.171   46.682
87.858   43.408   43.925
86.84   44.536   43.994
87.786   42.697   42.582
89.986   41.887   44.436
89.544   44.577   43.404
87.614   42.706   44.722
85.84   44.134   43.829
86.884   45.007   44.976
87.064   45.276   43.225
86.778   42.315   42.426
88.036   43.399   41.785
88.494   41.868   42.571
89.483   46.154   45.47
89.371   46.589   44.565
84.807   46.098   46.385
86.757   44.254   48.286
86.897   42.914   48.973
87.962   43.003   50.146
87.7   42.562   51.322
87.279   41.836   47.975
86.145   41.47   47.058
84.973   41.706   47.374
86.471   40.897   45.927
87.171   44.384   47.374
85.994   42.685   49.37
88.122   42.178   47.374
87.6   40.942   48.511
85.758   40.632   45.278
87.431   40.726   45.712
89.189   43.648   49.88
92.248   43.748   49.411
93.304   44.532   48.666
89.365   44.018   48.957
90.526   42.877   51.272
92.73   42.896   49.89
91.54   43.353   48.682
93.793   43.884   47.938
82.995   41.339   52.651
85.063   42.56   52.009
87.718   41.044   54.919
88.835   40.493   54.054
88.32   39.826   52.934
87.042   40.315   55.112
89.48   41.308   53.73
89.444   39.806   54.641
87.81   40.479   52.449
84.098   38.303   58.422
83.991   37.689   57.528
84.92   37.923   59.027
83.177   39.652   56.248
86.635   35.597   61.601
84.887   34.937   63.276
85.978   35.281   60.79
87.261   36.421   61.259
87.266   34.762   61.902
84.229   34.621   62.466
85.493   34.091   63.602
76.917   46.91   44.371
77.329   45.481   44.331
78.211   47.568   42.796
76.011   47.031   43.777
76.583   44.905   44.694
77.526   45.214   43.376
78.157   45.353   44.894
